matrix 1 : 10 3
100000 100000 100000
100000 100000 100000
100000 100000 100000
100000 100000 100000
100000 100000 100000
100000 100000 100000
100000 100000 100000
100000 100000 100000
100000 100000 100000
100000 100000 100000
matrix 2 : 3 4
1 1 1 1
1 1 1 1
1 1 1 1
matrix 3 : 4 10
10 10 10 10 10 10 10 10 10 10
10 10 10 10 10 10 10 10 10 10
10 10 10 10 10 10 10 10 10 10
10 10 10 10 10 10 10 10 10 10
matrix 4 : 10 1
100
100
100
100
100
100
100
100
100
100
matrix 5 : 1 5
1000 1000 1000 1000 1000
matrix 6 : 5 5
10000 10000 10000 10000 10000
10000 10000 10000 10000 10000
10000 10000 10000 10000 10000
10000 10000 10000 10000 10000
10000 10000 10000 10000 10000